20
20
0 0 0 0 0 0 0 0 0 0 0 0 4 5 4 0 0 0 4 6 
0 0 0 0 0 0 0 0 0 0 0 0 0 4 0 0 0 0 0 4 
1 0 0 0 0 0 0 0 0 0 0 0 0 0 0 0 0 0 0 1 
1 1 4 1 0 0 0 0 0 0 0 0 0 0 0 1 1 1 1 1 
1 4 7 4 1 1 1 1 1 1 1 1 1 1 1 1 1 1 1 1 
1 1 4 1 1 1 1 1 1 1 1 1 1 1 1 1 1 1 1 1 
2 2 2 1 1 1 1 1 1 1 1 1 1 1 1 1 1 1 2 2 
2 2 2 2 2 2 2 2 2 2 2 2 2 2 4 2 2 2 2 2 
2 2 2 2 2 2 2 2 2 2 2 2 2 4 5 4 2 2 2 2 
3 3 2 2 2 2 2 2 2 2 2 2 2 2 4 4 2 2 2 2 
3 3 3 3 3 3 3 2 2 2 4 2 2 2 4 5 4 3 3 3 
3 3 3 3 3 3 3 3 3 4 7 4 3 3 3 4 3 3 3 3 
3 3 3 3 3 3 3 3 3 4 4 3 3 3 3 3 3 3 3 3 
3 3 3 3 3 3 3 3 4 6 7 4 3 3 3 3 3 3 3 3 
3 3 3 3 3 3 3 3 3 4 4 3 3 3 3 3 3 3 3 3 
3 3 3 3 3 3 3 3 3 3 3 3 3 3 3 3 3 3 3 3 
3 3 3 3 3 3 3 3 3 3 3 3 3 3 3 4 3 3 3 3 
3 3 3 3 3 3 3 3 3 3 3 3 3 3 4 6 4 3 3 3 
3 3 3 3 3 3 3 3 3 3 3 3 3 3 3 4 3 3 3 3 
3 3 3 3 3 3 3 3 3 3 3 3 3 3 3 3 3 3 3 3 
#ENDTERRAIN
13 320 256
8 576 832
11 576 704
11 576 768
10 576 640
10 576 576
10 576 576
10 576 512
10 576 448
10 576 384
10 576 384
10 576 320
10 576 256
12 384 256
10 448 256
10 512 256
#ENDUSERBUILD